#Puzzle
530070000
600195000
098000060
800060003
400803001
700020006
060000280
000419005
000080079

#Solution
534678912
672195348
198342567
859761423
426853791
713924856
961537284
287419635
345286179
---
#Puzzle
000000000
000003085
001020000
000507000
004000100
090000000
500000073
002010000
000040009

#Solution
987654321
246173985
351928746
128537694
634892157
795461832
519286473
472315869
863749219
---
#Puzzle
000260701
680070090
190004500
820100040
004602900
050003028
009300074
040050036
703018000

#Solution
435269781
682571493
197834562
826195347
374682915
951743628
519326874
248957136
763418259
---
#Puzzle
200000006
000001000
000020000
000000000
000000000
000000000
000000000
000000000
000000000

#Solution
213457896
456891237
789326415
124563978
365789124
897142356
531274689
642918573
978635142
---
#Puzzle
000000001
000000020
000000300
000004000
000050000
000600000
007000000
080000000
900000000

#Solution
234567891
567891423
891235346
123974658
476358912
958612734
317429586
685143279
942786153
---
#Puzzle
123456780
000000009
000000000
000000000
000000000
000000000
000000000
000000000
000000000

#Solution
123456789
456789123
789123456
214365897
365897214
897214365
531642978
642978531
978531642
---
#Puzzle
003020600
900305001
001806400
008102900
700000008
006708200
002609500
800203009
005010300

#Solution
483921657
967345821
251876493
548132976
729564138
136798245
372689514
814253769
695417382
---
#Puzzle
200080300
060070084
030500209
000105408
000000000
402706000
301007040
720040060
004010003

#Solution
245981376
169273584
837564219
976125438
513498627
482736951
391657842
728349165
654812793
---